93114238571
91158580501
101338509981
100960431477
105276956563
58407680564
143138549788
145946635024
115044240329
105814586189
126163495838
140465276930
108394233444
99360515412
145433184058
117928411730
110120252308
123226783051
107570404419
58568158313
67225034504
95256805867
79734256456
82472189425
64352881913
67646607459
53064566811
61044884933
78812266573
67038971030
58142321012
49635659709
61145352515
54819057198
62866417615
98724594935
113825171187
122255490002
133541181361
127746836968
106059903986
86593797874
125204259883
125969968460
132602642444
153577436767
124784548977
81021430413
86950924030
119589343242
128846734595
137008211059
149358241754
160078881698
98715948567
84739792539
136986199279
134738583649
147242023356
135079329229
136248090767
88169643171
87936587873
123999345350
123793658773
114787858111
142623589011
138285361088
81799896917
64836229221
101685009997
113893701099
109116217963
117251169520
128956191171
116663461281
133080661511
129871835769
152177322138
127363985616
101121205097
105504915913
78712421341
78329656917
129597552502
119544923607
119235219862
169573695067
136189928177
69852189885
67347804198
113064480412
120332515650
112781115311
131264854925
170541660494
72604173340
77339561185
146692423823
134905104857
127742288838
133323395686
115740379630
83796546728
65752230796
116674743019
170179266101
118385000810
134133623354
119058936669
73075579204
68660027527
119588926979
123534622838
146361282795
138632090944
121165349183
88261354787
61805605457
127396910992
169194255701
172101903296
135593483968
137961011061
101013236609
100595379396
141402300868
129589632695
105626876547
110360514659
86195308204
60975434998
57810982356
69662747999
113568935894
112746802118
120383333509
110827443425
83839569389
79249936486
152694049439
146196306378
134346780114
148389612356
162156972853
93693222693
77021186833
173707443125
160854808781
159242136702
157442349823
134398053832
79323921490
97773692252
143442931146
171307198963
161918612714
153981882117
159663837135
102516834199
91766346704
170419567715
129744014260
156382775418
132819571681
133312003616
86041380284
101599073421
165928050241
149247922995
139586128341
104655229437
140134825701
109634853126
105917947991
177501066742
154890371927
132622793120
167862839916
168055494245
94917664060
97203674674
110788989462
187985381417
191990491854
202194823853
206044377134
200215507318
98047505968
134161085290
141950703769
187452224397
195467795998
198757239380
82137263101
81270153875
186240461593
202070893822
187722397458
168520212767
150974648096
102487593177
121232573158
159498195084
151428358696
141075365122
142146389613
132926516117
97358068396
100541950833
122707677194
159366611857
176341520887
198080227390
153587978684
91769317550
96078516522
139392375570
182060283588
186152562048
145484561482
140039923033
133064498155
81176774075
155828705601
149290511580
101822830901
104402778245
129595267583
87531821358
65506449775
114867538730
158060445736
162820152331
152460859507
150868516867
93243607658
76009746800
133016056859
142774437993
125517631531
160715498982
123420336337
89921544561
74405807238
103651499005
106394819157
142749347090
136274949733
142843651744
80316510923
69197002162
145172739944
160874119400
134585334577
144369949748
166965134082
86233011750
88633491443
169383381507
179226444461
137653264664
181731654412
206927985379
130713438015
92390153876
140301536662
168031101573
148662941676
216602068437
186433864377
107052720563
107181020377
143518877172
142483744611
170991245391
191209433570
133349139661
83107599482
86452683752
134062960860
139678098845
146778095063
163253788953
186542139523
92638234318
92925591231
145832416253
130054416167
149731610318
165331639743
149608182882
106863892533
105604566048
143309116218
172050031097
169666102181
162649332291
156370249975
101471718519
105881734456
174391351563
173743864637
164227285527
211696221495
224544925293
123079384047
91902643898
138631280562
156812758776
122656064182
149407221773
156183966371
109168489417
127642143685
146210331301
145015107111
134082525986
184015984005
185508899560
117993258777
108127757633
160428601558
196948609890
179873257585
208894205665
184561716541
125159909042
110089857545
170126479342
188829408066
252486666358
214339095307
174726820822
106252374128
122669630464
157192938525
247553486459
219663596632
197482036145
203325292380
124693359157
142956710884
182109020845
170405366787
198528400116
217960589460
199294932726
155507117458
148223701156
210562691014
289901591038
261863482213
255618054621
219374633513
189567947907
187507056907
220796842656
196778570784
198937579934
215386236714
200293341603
125055834669
123261470106
195863892045
426646294476
431302335142
270518181079
253459106997
150829056082
302689223189
402923611898
217707707835
229199941977
267739416911
211726086724
181268549911
174831894489
238750180114
243054769405
222833179791
193200652375
171712558130
103207573122
95181159696
156346393918
181427577969
164245422736
153035577085
146557506234
144761408156
151172218524
168109354273
154079229784
132160005513
135852399434
107723186182
86544031417
112365574182
231435461782
200144503248
253571709658
235504812161
240960576676
132159789965
96762503440
240123441142
177167400928
216545796411
212688961690
105013650745
139020703724
101598072087
137320178834
150492112958
152780064848
173376685575
136807076839
86615726833
106049412374
121387995741
132020418589
131351140145
134641738437
125843363548
99981949648
85367262803
164114702479
140822951832
155519021032
246672822191
232920937274
130942519450
128446881666
175700631077
205601996240
200353819059
223728191514
193348700444
196601461356
150021341971
253762170470
206180524951
183741908067
216334247333
168783870309
119338195786
106510639186
172166772279
199242518981
209654737151
191792939501
179118428915
163811085390
113772499841
154352894607
172183375367
183890305100
173304960339
190801189417
149757849884
122455354238
158137452239
230399770194
277238578073
174852908822
158714219566
91906469197
110572708345
178083525990
190823144199
159605479539
159955564722
136098454801
103638104582
128499221679
148604390638
234721667237
237538773159
164028266189
155338971781
140283796886
94260440123
121225133703
169254756272
174205086682
166361359621
159361230000
136777321831
120085799660
255713635823
270972420059
355438100395
258497426671
225994338217
156240867879
145866331062
290657882901
232265884491
214660448328
277931198238
289357854104
184632163992
129915474852
371158834786
391315608775
350537389164
148931831432
230108795951
164781135180
209233618739
336952980914
371233395475
280164989948
267745648494
246497028390
189790184615
187190520667
253965411936
325093415940
370166038743
261312057850
288093708970
166390902564
280304312045
460068741499
279344314179
261436391335
261527402715
235570996420
150390515086
133347403365
165490663470
267995926580
296144188672
226944292067
222275644462
146348794006
132846920545
234033957553
259895484405
249921180592
250463651263
198331456399
113261929354
132686761073
226849701967
79798478215
166626576310
216473952044
257889108669
149618582484
130465951511
240006516913
226686158893
229434080035
269292364894
213733429964
143512582599
133434858778
296943911360
371321030112
259378580769
219988829439
190097582237
149465827704
148316835617
238916523390
228720428877
216776524785
213496584650
205770574608
162664138203
114194625488
199147812377
220355592431
214535977275
239985044890
203200191738
123301759513
132085476333
182980741643
208052789259
195667773604
188056640294
180758556562
189753688118
125950401867
272625960241
206767226980
221561617803
220037072196
192864013348
129249979174
245081119305
242890691370
217398359331
209376515054
195902134653
172826823384
178533581067
123472099639
209586643707
191397660443
163770634100
141079815150
157342818732
119031669999
106060483845
141352176714
176989637817
180609729942
190360658215
158325612977
146400106314
101354254689
178473195173
168728323268
217532726553
175407057726
173071107262
99397512023
87324187498
157104008337
177571796040
197823017324
167666173983
183018595432
208816324473
298544506422
246911577178
247768044977
349964584355
355578382231
259020182691
168910311408
147228657586
251128374876
255885175047
213205424218
204808976911
274508744636
239328144592
169581469048
222285260935
228485835907
247650209733
237220623099
200739328503
177261910404
163196611858
212838412243
194020027370
202560494062
218138480405
198267160546
157876522043
159742431119
206346839418
204128813043
251465833201
214388052408
235899499352
202974971234
152667728489
290844159806
411672517446
327075594931
249344460246
217528607150
192856246161
170486658414
237185387659
224829092257
221776423408
243632510670
219637415192
139761225427
147327058696
219122509308
249808456089
225201576043
215939200619
276454668889
185574919090
172155745013
323590713378
281434321861
265819158024
296105630789
242430167054
159214276799
175448925548
227061479592
263763999836
233387390622
215228671026
225070251241
176164870226
151945061037
233437176904
259786684137
240422295213
251090579272
278349534028
207126786412
205094284056
270169226637
254960934985
255639388442
241058122705
236925837141
163848564387
184497604085
273273733129
277961868352
268920364218
292944446458
263877574658
200266669050
189486867059
309226071336
281813839195
343342895778
314959216427
303812945718
187390653856
198918075195
294285766146
333161691311
330900192808
312979083257
319944426799
256530728956
218645269064
275539504513
280577826646
357817604466
288541188594
711014710459
355491650266
247841830299
485383856486
464190469823
381511337763
325148621389
311165509791
225878548186
227876938424
310868723738
336636176376
282533737111
327002141765
322147333344
206520306997
230609880911
276260468997
251266698866
246061210977
232043389814
227106153133
177190811837
170486097365
221880991222
289032141834
295491195254
277911576867
300859345020
233605643460
224091213747
323227227512
331078563178
312934488353
356718167323
321074634767
269311056191
257896901036
342502743056
432614287451
337050595219
355602139291
340242838231
275258109243
244636686858
355743526056
360266773157
337733227962
362496744215
360303401491
271613225474
266054996931
347064087979
407988912655
382581502440
388591668653
357741854755
275143796110
278270456027
404862103080
430842676141
405519310501
373734330140
396866480846
255040362435
297958119864
370726930505
390005728427
410856263054
362123028975
319166557751
221391432084
252092884591
331558656741
331237998412
360457475603
374799898864
387925783541
283841059837
291021162902
422912004587
404288070906
403527988379
405109875393
368466521222
277794099983
253739365674
365451961473
378267420423
359236769325
346140763776
352812957134
278540739480
214006048301
373113494000
385893944464
373814144184
340533855968
382971192459
275852425959
228518358917
338514419275
389994721641
383049159457
394371137168
361001143988
297753534548
291507640812
491598512642
568430181003
923583266190
529855536587
446307173609
311401698557
254965786809
475445515493
417979335777
484012061858
462792559890
526292212118
395476096663
419539002374
563345343704
532363728257
532917154204
525655835137
413497010382
356974327936
334450878874
376895210603
442230876379
504428441085
449903501164
468902985674
429329278492
391754198453
525849649626
467749512233
524174987613
508953105830
463282627599
375921070686
370513279489
463516535067
565446712894
520573109401
509384799601
497228479646
320643445793
318878707624
483272209949
510395143436
505029726758
518484775136
428322603063
332283511471
355551585022
526231470930
616936728783
557114375835
533187902654
483967631242
335926351202
285630454785
526246305535
520191910404
524723071963
392599570725
380142067930
367198695542
350679826300
468680961105
492651948665
439110993333
425424537933
483405109495
351793590941
301090944946
391940133940
448403674684
462239034266
428676298114
422133432713
305185134894
266685674231
551284725395
718838900233
664602605246
545021893149
445167507552
449683375415
434769166049
510180133355
486829264760
450535402629
471452094399
400334053231
311744945560
333725824243
422793237248
455514825341
460654813745
496904086550
497830012508
349296795465
393130582684
524637484070
484709900081
500975110568
447614404729
548185954654
701569051456
565853019569
539159640007
526952097257
460145683428
430050567256
410961127427
257627572693
336330471460
350680802027
377195326200
406653170401
380667973038
338310506174
247790042199
224608382073
338907555669
330733027853
393993657307
417656784775
321140579225
217651346340
233004586396
330402522730
347654584165
389393235560
415444894419
374384876221
299747872780
284381136768
390451226315
378927341068
432747251544
333201802182
339654306722
289045555179
281549933261
323022405099
374316317704
380292876741
347412633074
392430342328
287744923554
320253853281
399448448366
393383064869
411290487726
423144725196
372654780400
289478438571
294497666188
382239925736
429428201775
541390800572
529487133620
444172827308
264364887742
256108867739
375148535616
470067461439
486772343967
492961208212
451686470065
364443631669
339144677848
480500448056
526406655777
521538229806
488284519429
440676464264
314323509491
341638521087
427778683006
459658827294
497931768207
460476307048
476463468004
391011167492
354802337571
482392081177
449425475799
491140548802
434692856089
452385691628
328039968263
350590928437
466373313013
541066087179
481062606523
497955059004
508950802737
348070298797
322235857290
452177307450
395744863394
432286279586
420821434446
422679597452
410056267008
394313120441
491081106095
528000273937
513673900648
452380716921
578779254285
535724813443
494348153101
491316423933
500784931495
503089381481
501505966066
530161298461
371587503071
404729554677
618105945445
594642560352
644936683089
586426315941
472811274394
414600218878
411523980213
496274249507
615950945265
523135348771
486165668386
458185162005
361231344839
371622035172
521942282371
581503922832
624195368677
585100977926
471686652486
369857066323
375731146298
551794839072
640235253993
732118003365
702614060722
605130630843
406847198244
441275606063
592221555184
958658302366
764178854979
543364277669
564097460315
395932136457
407971313743
689188922485
542312082065
351138817424
374508319877
680368567575
395286516147
399234018902
546445213352
561172248250
633119919956
554377360020
528768488997
392309272777
389296724379
547984780094
822638730749
496806396547
457735858205
440901597971
343962221962
352125366694
312919177485
357768646534
383386130470
361222052616
366778189967
325047367706
259271389676
267403421519
407098890391
603714526285
438341278957
229999494127
353605552659
386589630207
730255019227
935703781999
641704600659
565033084388
532527804455
471774619569
520062972808
656948954122
638452751625
557749160750
609338044448
700350376550
522377347734
490144876608
714439064736
723098950872
706048094689
910539403304
651293754465
552964355130
564643721712
709306246221
746409888383
725981351870
781806717391
617317714904
629763497282
681341223317
660869943179
681111953080
716269075719
578062947732
651428294064
597688688396
681812408058
821392127666
1298805632091
703983973042
668472553066
681833478637
613482541278
571375666371
630454604885
593939533136
556361082541
730684825866
743882797381
569267790413
578805738151
841081946340
884049521797
809363386610
661140302761
732710620361
645408464158
555187437068
634660016021
747285585925
704856063776
647322819073
645298399936
571733349737
509768981875
743921174159
750479331063
774527508910
813612428313
593224824650
555676975237
597749052938
744877454170
735771713123
782154319595
616393754471
764770803330
400590988960
443742763030
631783697957
786903938109
781882775139
809078861990
842413490524
423763279157
610492166741
753257755722
848027177537
926006249103
706913096463
458376994852
357418968362
359806143297
396452639909
473323622023
526401076654
566749102342
547527172885
417719769431
421419688366
563308716340
527929075908
624411202845
573454935124
561484371866
535541679664
567880539131
734641047158
631753606755
606965801971
627247259438
599811466536
509730146422
489271286426
592114019930
674338897119
683627178483
624668296307
558068431726
451534607764
459883271456
709018841751
798385567296
858369886365
587880555812
691080243150
491985706074
523657636509
766671685076
748618316837
736632268960
661544882981
621091156867
562602983071
498897767566
685026714556
690364550670
721596649227
696574459285
815908826041
595572658492
550968614446
655261257993
770133177068
726260286667
626155977339
603049988305
525394287241
506283839447
687716990453
683657824766
593137910514
590726630431
601382677778
450110884530
501979352020
623649974634
670035516927
827053625467
704884817385
737357701967
549901099529
672277424368
741209464113
668619531126
586706294438
742673306528
594564852530
451561780531
581814470204
712655516503
699123419379
669976431926
708303762171
666564115583
479531420809
469920874325
613319488504
790477503341
796126990314
819880555752
744053348877
526870967325
657022778264
824660578339
869682218196
810708411954
735484398364
701012155908
550586798706
572314450927
691582489648
727499786366
720895841779
629560423665
676472174343
504875330761
541623685589
733720938753
684124533476
591412399939
733574901776
680517518971
622297993712
596565618348
842796687135
625659464781
662158307044
589762087746
561487684478
424899361369
466881062889
585417565681
585995654360
553226124271
533976544420
571176854068
362494883764
365717934804
559377599137
634317520172
587623670854
624463048470
534297624562
422946116269
431235450587
691189136195
732883067141
671851456454
630306936625
514630472321
417969967901
454246746132
622052617472
547280960414
540867724100
638838460432
665260238552
476230156807
441364849939
670998893011
725207985872
629879580211
533227122800
621231340695
549824425628
396381262227
1104158049661
1167990049686
679537258213
660805551675
639042520208
615563114695
527107136406
785295856291
800481274761
815471037895
718297865181
632807854486
525735145708
753099920575
1060899721819
691687685104
703108086564
611434128219
683169754073
616177263191
653954830139
721270092790
799124529171
686920499940
603771650723
670427585478
588247490494
542133713087
765531599401
751266985565
860832920739
680893570230
587267520055
558820087668
564256669919
621754684394
735408328987
800788255673
784889381282
756392579653
506215643615
677756279641
1021492473734
895160681277
778645906677
855660744315
718601541177
728398007624
761819739176
904987026999
870671512823
804850342884
723263645400
822297881224
675882978497
686769931186
767880378605
810336074691
726113632221
675514651731
718656627765
658316154230
619787463489
687352005181
762212114496
782987902961
881913321539
782272885294
689355574392
736218067115
847124784096
895436004830
926467835578
959323187445
820088161537
710486771346
760446698897
900583609038
1159980984935
1011708917584
989600108749
720283223594
596159634431
760270463964
874701830529
959231288615
760740917812
777062762267
776761096862
662280209737
583425267499
718995495575
694527430203
749633598462
759066789932
623139119958
510941121485
677155395822
898577645287
701603412009
664180678226
664527585896
623532405856
448189726910
429636221015
454707223098
381715117334
506448455006
527154669624
490879140194
541441807704
484079630945
483836178228
451378778620
517655251394
626082783015
644832089013
513506664142
513434931592
935227701113
174092116373
749564547364
707474212024
711030130609
612410640520
595638145585
786625648937
718509429686
810075205038
826443560206
872185711450
558712591119
641524892092
784730880151
702006409460
744957043057
768081519737
706274520096
560107020356
557254171538
636459447979
649382647243
691110269041
732137798183
765687146308
612383583799
593986412836
972186682699
741419687919
1035446095331
748476292323
676365637916
525934823624
530427614350
627478059757
656033443170
682264583615
688326851172
788594230609
619793436498
649770148710
828415808686
715772995898
896237432490
771408297650
640974451560
623923846729
622099939464
884170503488
789166385962
711194277881
672791308031
634128873125
647032637368
682380261576
603732443687
599182334912
446154208410
467876671614
632949208259
600014954892
671997575648
700497482135
682120314114
661552194911
381992673259
590402969252
591290684800
857079422067
843763352146
621415287400
596401025383
503528885602
801606913084
715126119021
713106568011
808269342960
916076063882
835993940538
781058336337
775796909324
667685325053
648238775124
828310646437
790799223846
904925328087
808202397564
763608301778
675479962057
733960023362
856367414078
959408844057
935130780329
967379951244
379779858886
763542120388
819733246980
933946784248
880497803556
993106311968
997625976201
806224219030
608337370248
606253838767
789457585923
863540742467
820131475252
840322730878
727672387634
606533617440
638187443644
838202080954
848403966366
725909760985
641924146480
616858906061
527611264545
511318586818
596028999112
615550138780
631173329634
472051669120
550853969346
466007217108
475343276467
538384287166
634800637962
785559001002
598300845496
529085257592
522112944098
541645238422
602811673103
646594595487
666329044492
493316062654
511779872862
571511913846
557409919195
678354861593
541971438177
553517025987
445852070384
517092196558
539416149557
517938892723
586899870700
490046664452
515154302671
497003436400
661246808512
539638751066
577937839533
617085927562
520291054191
672141093617
569048117965
564911510499
570638902292
544417082918
567488109509
603376485906
676621407435
549362756984
465848770741
502787711532
464956918926
729820891384
656351714386
612810903154
644093642012
586339574905
512250127081
467386583315
578213647159
624124754163
764240370086
644081652876
532774492697
451016095816
491846838353
548105813958
568954044402
542415400954
511193096452
506382344432
376753686153
416477107519
559227576468
517626970344
457021622863
491193762823
506625235052
256168152034
294459187408
492499744665
554566031014
478724643081
512664107361
487828193060
364530653855
336760775349
428555220287
440080621275
407436421681
447482430375
448378463998
394476356907
381624161481
470574958645
614522147608
590229828156
553483931765
473537690080
325031969057
356584862658
528276807812
569862994507
613093884949
492818224760
547846574876
405292520559
404628257800
515617176419
603624486501
631777401527
519090488189
510596456472
445473194025
462830267537
558718082518
549937587275
578526657563
523225271910
625596362321
445369084370
444657436925
560429567171
607656960220
523718755739
442727354952
446585343242
556124513352
473098231075
577520321403
470438399540
416660364681
383831020176
412967841554
471928071104
529176838712
554774707019
616100849701
653241313044
542716468752
525316036325
493845841998
500748036626
552178887571
858773902373
578957819215
644759401997
686446640115
562306642944
575882452203
768042666908
658626772417
602832005108
591201620399
523209957687
611614842215
565412858361
487742226046
444492083791
498916124435
583640774523
525336531160
543149942334
539534537750
614209532563
581893154906
471132778536
345557465594
613402388770
596592986273
562235830790
658840491543
635195062296
568448965923
530522617838
599085342691
581139694558
637955296795
549820171568
576636809922
464181665994
411076576904
583168355006
799448378176
765862568600
712222038174
553247074680
626422826082
241904189473
621886959917
650731464000
639933629697
665396993117
708144004432
749370062961
651329293737
799963840334
658334400480
677478858543
693926009835
704862294190
697580464713
716312279340
659480353007
620487763952
663807983941
657421178179
675093151943
756928848595
681200631520
645459623765
590754288448
573101456868
657027637471
670513351796
753194736569
690417614967
709932925516
567639608112
642993341916
730070483660
801398828311
685390994439
731166121195
807061456234
711619275254
835722681091
940628695026
944211272938
699812724761
643684536880
659041000638
584152668546
558251457675
596148562446
664397851625
585586830434
620394147513
631434179676
617242248555
612920614456
625897646039
613232446993
621836362612
517914024331
612967194281
633312432740
670056136528
713061454699
699594037639
744710675685
859550243459
965410944246
728292401140
603314387723
694973438166
701107814141
718538845166
653531015763
676387844082
651865837730
739784184057
630846905563
702887126808
728089206063
747126896582
664075543008
655486406611
626868329165
717390417136
666050509618
677553575367
708189028525
742350374082
562143209569
603611578042
716938244411
780141880603
693786927068
692235140371
922661795760
822718739219
936894177934
1053457091369
1237652038666
1216060690736
1238410260448
1325733684656
800458665617
775913844702
1507386059669
1153916405384
897245760657
1090658713178
1104434680460
969160589790
1410457320837
1184808894082
922508702600
1267749698497
904586561216
1257900629290
1162492752995
827109580925
948749703830
1105701599976
678034566333
698635005294
1034421780113
893280070256
679224662149
775199662064
1131844217453
1386532073562
1497584340428
1632571560435
1900733989335
1660759492973
1041788154959
1077160999558
1171751983345
1011857100297
1069427257589
972868571394
883697903225
749909169787
708387843867
692235027936
698684925945
740981823152
660899586875
664869518499
822982138326
966282173491
940108599271
822112740257
913529214436
747024364145
600990619583
891413911263
1325880034279
1397915499196
1298696779147
1208599578580
976714704797
1025226060883
1284660425268
1336628346377
1443350545741
1417857841123
1175889805734
943963419850
853240864212
847660161461
907756697312
857157974769
925659745689
812965412381
806219074655
714635651305
869216675651
1031512065694
853935461966
1032116129783
878823425308
468435552218
518770718419
782131933918
770065043239
763829716428
672427877159
653502683028
569703178530
644295971088
741832579409
725918085116
711537193980
663106746834
784868100427
692243452581
668448511027
754262316693
949691538526
693821638257
759550449372
732351474294
534436974032
716058857008
726990706248
719919289742
754294543348
634881566436
758698612916
628371795606
675990836849
704285173849
718651700176
786858481157
718243496612
806749852275
709026329738
801649247879
822062895695
782879506352
1166535682378
1127609132928
775985911415
694116504937
610111845754
705934989971
752657284987
724792159090
708756591776
741203975752
652131222786
665098319445
704104136086
846392857024
1009568589500
976257394723
870646814648
768042862882
609213982581
716473606143
729110638845
682674551657
841709797508
724324733047
518921018371
648090317255
687246856172
677779321075
668093831547
667277542195
1140988638715
1438733498799
1277628799333
656266068809
640014224474
727429359064
710963510003
733954958404
526003532891
536112490759
627717966051
673052974003
601786572154
688496233669
702524165896
552072788268
592299905385
681908244343
659201034361
671301876693
682609182791
584898136943
442381589866
542523070057
656255436151
623648677506
746650338695
579805106907
663110862756
502727574053
568393001040
763238915116
718856226427
660474505963
655203041258
662506861523
604181890555
584313725439
636394730853
815111666428
881943417128
731539555314
711952856486
606361471397
611574279936
649958537819
660493906855
824356591040
729618134621
751015510095
575275864109
804203762173
741887477560
787255266982
746873676392
949471428443
1183908097067
862752627462
859651927148
809707132661
902222573484
931620747811
886351214537
1253965743495
967664697983
878588021580
1047891740792
1033496306239
937169531111
922609308117
882595755017
988800231626
855958770977
1039228177041
1043392424616
956888402110
978794193760
932568264951
833119689526
927314977634
928356302174
1002004346595
1005909143432
981803142891
1068593049332
881096794213
986540660580
1070174252706
1022362061256
1000859061948
1063946109015
1042086928558
930942508786
972451422068
906824917449
1130684184136
1101401047111
922571280268
864428858617
820312055894
1063021634601
1076842419168
933052388721
1201920596768
1126992874753
1007888061129
932408505118
916685572637
913556829439
1029226286442
913805668162
908998752402
976246129860
975952463010
950530013571
1130169737794
1402791908226
1214575521877
1110922850009
1058257630987
1012021066137
1004403574460
1116573990909
1110288974337
1002677321543
941383411012
944117664418
920208585377
945766185774
976444522709
981506831263
939092327081
924081454428
879058351893
941575539596
990815861295
931720799416
1012851634589
966335019504
866398081563
1171384997138
1385309745769
1168980273825
1408015657943
1453476273103
1371552554440
1301749627791
1267148436987
1117030506905
1308638110858
1282643846450
1436805072307
1276467008666
1188357313175
936508463659
945513417202
1031032200679
1275858707216
1577417621866
1196143067557
1267170513798
1632055535121
1334930796922
1531275717909
1612832409697
1655653710601
1384373827237
1090996594664
797719826177
810155387692
1403992082609
1016035884754
1013365105359
1396390233357
1373911091595
1087216158706
1404254508885
1358707036149
1466576091481
1453765976752
1126710611901
1261775717322
1648489436115
2064407799516
2009840382577
1768952206508
1953668146352
1743509760996
1881474213404
1685598741103
1759198151581
1894034797880
1903240594348
1712829968478
1701968450962
1659041050953
1869906309622
1758697434220
1895155702052
1326666390845
1712454497518
1787855705219
1546982357268
1448198337929
1303207291549
1174147761661
1860461863464
1952219033376
1494908510994
1510936798223
1682791633774
1912724307346
1581750701677
1231333609386
1333759976249
1480896208968
1993999821202
1744288322042
1141470245896
1191342723897
1284056462124
1227638070066
1864537405897
1674063271766
1501618460283
1242062505485
1166136786392
1679297321444
1729386073335
1724485902329
1715381925297
1253282773306
945810175239
997821290233
1607159990177
2065029254143
1837610173835
1676043805679
1787330857163
1764835682173
1328320439385
1205733886672
1751909833396
1510854644676
1694073432233
1394450252257
1312270267165
1895945967946
1763855635098
1474240341015
1503781748131
1456888765944
1283058841414
1291445773730
1330138155337
1238630193406
1026101738932
1090991727417
991574457081
1010433060843
975534749595
941530760607
1025757463749
1157270723426
1254942616048
1083618706505
2092844841700
1364366491968
929568710826
978483918829
920920411757
1061023218007
994773742249
1071408188633
1010489980478
951901511980
996842133529
1063953260561
894575072910
1170486139750
935934954879
957845164419
1085272543806
957423338784
1014586965771
1032627394968
856295464737
1020386650619
910202610216
938042887760
1011623960042
1225796805937
374919171072
887338995407
1426919359610
1738025634831
1668875337320
1627473729257
1778808501246
1953760118663
1709407752383
1565592716022
1405447989280
1610131742039
1507612866894
1639309676783
1496132147218
1542301349847
1495219027159
1219951242614
1451561995863
1621096151611
1676447704136
1507663708584
1602276312107
1528196799153
1461450227584
1293240037630
1795099928872
1699801409867
1251075003037
1345023127899
1604036741057
1697326346357
1397824828678
1473372325175
1450646913482
1116782819426
1129852246485
1149469473362
1131177061921
1145746038175
1387188270484
1263825335523
1282302339655
1419042399601
1300197091790
985238782657
1058897040517
1650829304918
1690238549691
1598074502744
1348065666451
1470278646960
1185316743901
1157734925408
1909512894690
1467375085434
1501324810141
1652962974371
1721227809513
1257096474877
1177052459449
1459151063299
1452524542358
1388383603460
1028102270078
1007700868785
868225322477
818617387717
1094890632966
1447795791571
1427704256878
1231009054338
1053272646006
1119642679159
842428147243
926154171613
974460378867
987561339000
1004976996469
939054933048
934668618221
769230705678
880608993436
865918006242
908363375767
952843143584
948879944801
834488870417
757350233345
973595363627
1064516404563
961278117829
918563849561
997514697010
1644434420386
1716436515663
1237963275945
1000429235777
1093595816983
974808510319
912454070541
861884008852
766985474238
895260093938
1017764353352
892629027691
886239708039
775581435966
759628496891
786590313442
943875111945
875570354689
937738610262
913068891233
848891959209
778216527793
818588433513
928062635291
979004896834
957233755066
903052841867
965045292144
759175416586
806568843585
952742123780
1042949645498
1445403474123
1305219227618
929082410561
776821664305
739758105164
901625846523
1001272903106
1065540664772
1175063383192
1333502556485
1207126481290
1215844714962
1439167883835
1589546183558
1587820778323
1594146097181
1591522915644
1766853917255
1530385213414
1559840736391
1615295401361
1778319573090
1585099680309
1821951066348
1637320485698
1570178428921
1440740668134
1542718816617
1301061231831
1176126600778
1346571434237
1284180427755
1402559452201
1440421963139
1594534763776
1456312142443
1200196158632
1117693412039
1091332380715
1210149329260
1135106802179
1247019955400
1106876187693
1220327877019
1174739370040
1113431101382
1593657072689
1285851051270
1296224568910
1650591893287
1669993749389
1720325230326
1466975501087
1478450033454
1513164819830
1323484153284
1347133491456
1334533708601
1263378408480
1419752458256
1399652953960
1023081953655
1309540746799
1342100956504
1335281440415
1185314048589
1379961895805
1451467998407
1303124894487
1404260733545
1311145695691
1391557187905
1399677677745
1308119032325
1257577076731
1486754890899
1352061779253
1438482932871
1236597149132
1190642283636
1254668366845
1407609107971
1442737884679
1360067895354
1293512198075
1262963279363
1355450672574
1215403527727
1423996028864
1325120044393
1210871533165
1388484461379
1401501935308
1246431993057
1234217852522
1366309632599
1416734987185
1224743115344
1343114639126
1318092988988
1272922722711
1449003386059
1403733972326
1371188236374
1317662295983
1518620907363
1597498774389
1390640649374
1629255217573
1547518496483
1418682819474
1251028151304
1378932865005
1202709188544
987885160431
870917587345
913393665653
1086857134802
1233426495723
1142676780947
1202551848789
1314641929275
643617557663
1148129210948
1260733955100
1458802160851
1752375880250
1629384905209
1583256667642
1594353413628
1687656528510
1359569441234
1375188424607
1374704766589
1594112347562
1422757489585
1496569791340
1614867574410
1369012995242
1522060529940
1354362054766
1443116598910
1319950596075
1405730550508
1422004604008
1346488447332
1370187707941
1842527644500
1438843427251
1421965752899
1481658979161
1255340353499
1474077210639
1499378388225
1683258653489
1419459022593
1583249834751
1754789794673
1298450085460
1493295948716
1376275464423
1361806706058
1297952173492
1582771218092
1251707371043
1249422510303
1501343918511
1739059249288
1796742549019
1640495762228
1277858166521
1451298394413
1455191281699
1368901347573
1301852343473
1201036794745
1230123883718
1253977939630
1691506524128
1542575911672
1317080495346
1393282721246
1409622949794
1375448590977
1215294838720
1967245059554
1565070129156
1305918604333
1263254386931
1345984360718
1372965130751
1360647495943
1609095051567
1602992781891
1475817444828
1307555992617
1699121548433
1919642500008
1267558289428
1451436733946
1458643317274
1332588037931
1422662474931
1429985375092
1468941265614
1399224556646
1546740557772
1607686266301
1613954452196
1631574480636
1545398325813
1290255725947
1473994690944
1397320871032
1495034162520
1278875048909
1343808373868
1443123858411
1406808490940
1387101501892
1702258474778
1820881544505
1283246392960
1359207693447
1333866004343
1399975724354
1364436896857
1565593147754
1334253418356
1216026229636
1391158317534
1589450317696
1578196123399
1324706496739
1525550361188
1290120803507
1468806966356
1553207710706
1697853785689
1426327681952
1465422123396
1487173214476
1717359459039
1923694021688
1338446379516
1615670470941
1263339830388
1385147900929
1534893214121
1541696304589
1895368916113
1401314977591
1456083607454
1524974221604
1306942894161
1442450720863
1521069264837
1429568574870
1640248236660
1393736390231
1420774539683
1388300384221
1454271538206
1619004141862
1460046748113
1447784338799
1386021492810
1380398287742
1396630494728
1569044056251
1568042581683
1379800414689
1322249030159
1298976873981
1599152820744
1535269928552
1333262529506
1743465782462
1755838393164
2225877440397
2407467379479
1781365821631
1444612802115
1460467794659
1365766849170
1656006840833
1277510734400
1316374816395
1407990431085
1485604362957
1544419959862
1506417640316
1332772591785
1368171983847
1484644831787
1473905803945
1203073002919
1233170477093
1160636307221
1202808365119
1150769471162
1198935120524
1240650038084
1342130749313
1314994146986
1402911166678
1267539637076
1216864637448
1267007767115
1274309481014
1306761995376
1282147537175
1241165346883
1201756409101
1165736828758
1389347067838
1141174993290
1128376923960
1193011646757
1285028810460
1201581399197
1436381987711
1247713744015
1288882325657
1146568465961
1229454820410
1113304916783
1207043824332
1485192913329
1224474966569
1260061917732
1239701393365
1088580170699
1123886903135
1057309198884
1178764950462
1336597579550
1312180458424
1270280347914
1181074147775
1216458407633
1446851292918
1181225952546
1131544131207
1113126235881
1411191489018
1129640945642
1161055149064
1218817504709
1156549922456
1227948985376
1198072252786
1344843582669
1080393275790
1086993890274
1275387597741
1217710519795
1396824354246
1390693829399
1271796020500
1310654675992
1334629561249
1342423649319
1239646124616
1497709855963
1357445257663
1377867254631
1249841763814
1393473862040
1333584227172
1592524409461
1385386912050
1264759606481
1231170847878
1341292784788
1283966781457
1427370590394
1415644773145
1391539080714
1424543198196
1409807040276
1230110707717
1360287250199
1540837418369
1417065992700
1633279729561
1488575718434
1520352523837
1561946211260
1611798347385
1385057784349
1717138284652
1423261249068
1409585337031
1445250858265
1543677058667
1515950951695
1389566038457
1317439149100
1485900432465
1497241327025
1597708325857
1768860114050
2037923909774
1914480617009
1733177919731
1396007568664
1480195087344
1539054189293
1549027411547
1683067332931
1461070185480
1385662266063
1389622190603
1349643261165
1492587006283
1487151505333
1468205661165
1302827916790
1255668692056
1466014090251
1244417966322
1347732437234
1658348164064
1750737535400
1380480554790
1497804659814
1374524182154
1460501049555
1412107278632
1682136203683
1801935401452
1330310868148
1260737267699
1357570182881
1445832150684
1475062827192
1739742480625
1983076699058
1380210856633
1545004637677
1413484783771
1459198672947
1601265278720
2204936752130
2385956274666
1524973642927
1308097289590
1341752730064
1416349015231
1414297475072
1489889336302
1633547974494
1309119231912
1135551758458
1132032893863
1424165860071
1559499958875
1826221100250
1970493905567
1593419758550
1430775935534
1283437063533
1570728959665
1506445844764
1614358269058
1817072510552
1305776630483
1317449869237
778750508596
1570728959665
1054112568402
1692177969953
1774294629372
1806048189240
1465237387987
1460625207658
1445890640062
1350109969685
1140658955987
1142650512638
1200517457011
1252198891484
801963476235
1134970891017
1368547646336
1220977285295
1194942571307
1400925639062
1323222791807
1485732281569
1904617460782
1259427193466
807900762285
1338321695295
897084448944
1135688186358
957435281457
606786074219
337840517210
1158186714583
1472682725359
721827342445
1017642560394
1367167680552
1401975863094
1413745852762
2002443488950
2136426560249
1491599319378
1723852276780
1229396236410
755690105700
1172198606040
1479249775207
1958548334034
1310311129209
809198208861
520589014242
711941832275
1021715655688
1123356720344
1376327533669
1257382761333
1567358680840
497611215901
158276712103
793853046
1123356720344
1376327533669
589210227565
1450064591538
1481477723708
843766520543
304091350565
1074621441942
1762032635087
1497107660795
1335311318017
803126451801
1288243533924
1374671351277
1683275509338
1445493294286
1367287863703
1302742269921
1383740933070
1189371240684
1124718474383
1452929020969
1790520762683
1422735396181
1048200028599
367415979091
641774163385
1328332530472
1469204908677
1673994736154
964132254143
626134770061
580193398231
602046921270
738547828999
1834350448485
1840418392867
856824328911
458202434291
385205547728
529513055931
836387279239
1267411426525
1433482315537
1273834119342
475641592289
374456517191
448590125415
1013497405041
803415961421
1077408646966
1122227348028
669451825156
386550216062
757186687653
1371886000691
1607234619564
1503790246406
1786181949308
1527388116270
773334783718
1034431937229
1898259998085
2007749629344
2563344255856
2746538940198
2203035798202
2287781745801
2545096418855
2462699957482
1682128143006
1881435647269
2186810681410
2106486307214
882537412356
38521982069
2182309608841
1790309636234
2222962979136
1758690990217
2440257612099
2028821261732
2182309608841
38521982069
2182309608841
1790309636234
2222962979136
1758690990217
2440257612099
2028821261732
