117343333
141869805
211691847
276363708
281739971
297524111
317244250
319924180
285982166
255959888
247679930
249706611
234286111
219325430
167996652
139729444
123420263
131340944
162711000
200779680
223582388
236056416
251937013
262317652
249539472
248803055
247636513
248870208
244126222
214673527
174991430
143513347
124237291
123959777
148606611
183787416
214483513
231305138
253608652
261330611
260717972
257864250
260413444
268002625
248153319
196384513
160466708
130342916
123906430
153153250
224776930
284735083
305506805
315690541
332821833
340885416
317736152
305014791
292799541
292240847
263830805
209841791
164455277
137129777
129209694
158526041
237102375
292201902
316206625
315904763
334020361
342513375
309117902
287384166
276543944
276822083
255146958
208498930
159932083
131799236
122816652
154070736
236180250
294857555
314628666
313381944
344212710
338833430
312389638
289447527
284453041
286075611
263842097
212244222
170321888
127077763
115948041
145353236
226037361
285361277
309887263
320937777
303982175
337793152
307761722
287986347
275394750
276133125
254526305
202287361
153578263
123368694
116884194
149085958
230992291
290826902
310635194
321345569
331270513
332714500
286045527
253178541
246767680
248263972
241808722
206863861
166642236
133500736
121825736
122705944
155950000
194050055
219001458
373357000
408763069
351322666
242825388
234285152
241798652
247217486
233688736
204792722
172492638
137453055
116293847
116852750
148665888
182235305
207844263
226185750
243817458
255093000
271539638
267321125
277393055
278471986
255938166
202950194
148587513
117963013
112109347
147992152
230805847
299217902
330843819
338044986
352962291
356748222
325735430
296794097
293574958
297820736
265135180
216543847
168490694
132779750
124299750
156262972
243957569
306562194
330842944
342181375
357877375
360339736
331073666
307365569
298288180
298641666
264152263
207707694
162061361
134488972
126682472
158051402
245181916
309196527
329330500
346847777
309826357
296591931
323120958
273417924
236700244
238905222
217491055
170633022
128611722
114172506
122930138
158838222
245303458
310033347
345854333
354961125
315689785
299030533
275453466
247472622
235016933
238219577
212471333
168672688
129519900
107038422
101852311
124763622
196152300
247704122
264665011
272721322
291760822
285974733
254064855
226096433
217246755
215519222
206738711
177367655
143493955
111648444
96608288
101189633
128574311
161640677
322288466
350598288
338052988
204674722
199514044
196407788
