Exponential
RANDOM
1256.52975	1251.59959	3.70603
1249.26593	1256.52975	1263.79357
ROUND_ROBIN
627.53760	624.49883	2.54882
622.54191	627.53760	632.53330
SIZE_BASED
690.48697	686.01088	2.88589
684.83063	690.48697	696.14331
DYNAMIC
122.42365	121.40811	0.54572
121.35404	122.42365	123.49327

Pareto
RANDOM
1.1
19933.43093	19461.23102	257.37083
19428.98410	19933.43093	20437.87776
1.2
15661.08713	15064.79609	348.49736
14978.03231	15661.08713	16344.14195
1.3
11525.29821	11239.82915	222.40230
11089.38970	11525.29821	11961.20672
1.4
8751.11611	8367.55108	179.30835
8399.67174	8751.11611	9102.56048
1.5
6675.86593	6427.33020	121.48696
6437.75149	6675.86593	6913.98037
1.6
4942.31529	4779.32613	95.56341
4755.01100	4942.31529	5129.61958
1.7
4009.01110	3842.72915	88.78960
3834.98348	4009.01110	4183.03872
1.8
3084.58630	3029.74693	44.65708
2997.05842	3084.58630	3172.11419
1.9
2447.93938	2369.61868	62.90145
2324.65254	2447.93938	2571.22622

ROUND_ROBIN
1.1
19417.97511	18940.99833	341.11651
18749.38675	19417.97511	20086.56348
1.2
15159.99248	14371.55579	398.24980
14379.42287	15159.99248	15940.56209
1.3
11027.09042	10552.12774	324.36653
10391.33202	11027.09042	11662.84883
1.4
8138.68062	7958.30770	145.54451
7853.41338	8138.68062	8423.94786
1.5
5982.62631	5837.83605	95.32140
5795.79636	5982.62631	6169.45627
1.6
4327.21385	4223.73702	75.68309
4178.87500	4327.21385	4475.55269
1.7
3363.84534	3226.04734	104.06382
3159.88026	3363.84534	3567.81041
1.8
2534.30778	2384.65530	82.16235
2373.26957	2534.30778	2695.34599
1.9
1860.71000	1752.46266	72.58341
1718.44651	1860.71000	2002.97348

SIZE_BASED
1.1
664.97917	651.79703	11.90451
641.64633	664.97917	688.31200
1.2
747.57221	698.57956	42.06955
665.11589	747.57221	830.02852
1.3
693.40610	674.41616	18.77286
656.61129	693.40610	730.20091
1.4
751.46065	722.43482	22.34813
707.65831	751.46065	795.26298
1.5
783.37637	742.56631	22.31171
739.64542	783.37637	827.10732
1.6
789.20030	756.12826	29.87446
730.64636	789.20030	847.75423
1.7
888.24350	837.49167	30.92537
827.62977	888.24350	948.85723
1.8
845.75540	818.37464	18.19010
810.10281	845.75540	881.40799
1.9
737.31702	726.51313	9.57949
718.54123	737.31702	756.09282

DYNAMIC
1.1
895.23641	822.79651	46.08003
804.91955	895.23641	985.55327
1.2
700.51627	642.74345	41.37744
619.41650	700.51627	781.61605
1.3
485.88301	447.88236	22.59781
441.59131	485.88301	530.17471
1.4
372.29377	346.42211	16.59936
339.75903	372.29377	404.82852
1.5
274.94410	265.84535	5.56612
264.03451	274.94410	285.85370
1.6
219.86474	211.48170	7.20926
205.73459	219.86474	233.99490
1.7
190.57136	188.13644	2.13247
186.39173	190.57136	194.75100
1.8
160.00544	155.42481	2.56636
154.97537	160.00544	165.03551
1.9
138.30597	136.74666	1.43351
135.49628	138.30597	141.11565

