Exponential
RANDOM
1258.90683	1253.58326	4.23310
1250.60995	1258.90683	1267.20371
3.41655	3.39271	3.39247	3.39792	3.38949	3.39808	3.37656	3.38046	
ROUND_ROBIN
627.52753	623.77063	2.09931
623.41289	627.52753	631.64218
1.68574	1.69452	1.68849	1.69349	1.69049	1.69058	1.69672	1.69800	
SIZE_BASED
688.32025	679.73665	4.18341
680.12076	688.32025	696.51974
2.23870	1.65552	1.60898	1.57558	1.57856	1.58668	1.57702	3.03543	
DYNAMIC
93.78511	93.20939	0.51115
92.78325	93.78511	94.78697
0.25335	0.25345	0.25301	0.25291	0.25281	0.25263	0.25229	0.25222	

Pareto
RANDOM
1.1
19872.73289	19284.98127	367.45426
19152.52253	19872.73289	20592.94325
54.26308	53.23215	52.89673	53.14281	55.22978	52.98009	53.49447	53.02003	
1.2
15776.34533	15245.47125	413.43730
14966.00823	15776.34533	16586.68243
42.76512	41.60993	42.90541	41.23014	43.82069	41.62074	42.81653	43.71117	
1.3
11661.43296	11097.43328	279.24630
11114.11022	11661.43296	12208.75571
30.84184	31.30601	31.94213	31.43047	31.89676	31.14687	31.60578	31.61456	
1.4
8697.19225	8396.76018	169.49248
8364.98699	8697.19225	9029.39751
23.62712	24.07929	23.34482	23.19601	23.57776	23.32645	23.17765	23.32070	
1.5
6632.46964	6286.31212	216.88230
6207.38034	6632.46964	7057.55894
17.70041	17.54166	18.29394	17.55348	18.53177	18.45413	17.69218	17.51923	
1.6
5009.50102	4842.97687	134.30442
4746.26436	5009.50102	5272.73768
13.35795	13.25814	13.47682	13.15756	13.30563	13.58189	13.80712	13.61868	
1.7
4003.04605	3877.27630	77.98500
3850.19545	4003.04605	4155.89664
10.95773	10.77249	11.02223	10.84043	10.84211	10.43534	10.93550	10.69872	
1.8
3122.47019	3076.62873	41.89566
3040.35468	3122.47019	3204.58569
8.51700	8.31481	8.14822	8.44868	8.07591	8.52215	8.57355	8.62777	
1.9
2481.65475	2438.00522	31.13706
2420.62611	2481.65475	2542.68339
6.57729	6.70856	6.88234	6.57995	6.49717	6.65212	6.79337	6.69262	

ROUND_ROBIN
1.1
19080.56300	18572.55492	344.08437
18406.15763	19080.56300	19754.96837
49.66211	50.16983	51.54869	52.19254	50.98247	53.70582	51.98860	52.22803	
1.2
15142.02427	14563.35344	299.23228
14555.52901	15142.02427	15728.51954
41.03079	41.58446	40.52947	40.97335	40.76455	40.33870	40.62610	40.96472	
1.3
10841.78890	10544.56987	186.24115
10476.75624	10841.78890	11206.82157
29.44496	29.39985	29.62598	29.06793	28.25523	28.79682	29.63310	29.47357	
1.4
8350.39655	7944.72964	264.32490
7832.31975	8350.39655	8868.47335
22.23544	22.48435	22.59071	22.04699	22.36638	22.27353	22.23955	22.18885	
1.5
6099.33279	5843.03124	188.53760
5729.79910	6099.33279	6468.86648
16.95288	16.37380	16.71762	15.96516	16.28200	16.83565	16.16756	15.75526	
1.6
4398.16229	4249.06885	125.23727
4152.69724	4398.16229	4643.62734
12.44650	11.67105	11.90487	11.86161	11.83182	11.80605	11.79477	11.73001	
1.7
3425.17453	3254.75278	111.44603
3206.74032	3425.17453	3643.60874
9.23823	9.17719	9.07677	9.06253	9.38493	9.23755	9.50461	8.83475	
1.8
2517.01662	2481.44419	24.51250
2468.97212	2517.01662	2565.06112
6.60045	6.75175	6.72568	6.82380	6.66981	6.67814	7.05131	6.93257	
1.9
1843.87545	1764.86013	47.58894
1750.60112	1843.87545	1937.14978
4.90873	4.95335	4.93313	5.31480	4.99649	5.01035	5.11737	4.81916	

SIZE_BASED
1.1
663.51806	639.40456	12.16430
639.67603	663.51806	687.36009
1.60690	1.62150	1.65568	1.66189	1.68373	1.71021	1.77490	2.56990	
1.2
767.02633	695.94082	45.98348
676.89871	767.02633	857.15395
1.56996	1.58115	1.62128	1.64292	1.66605	1.69336	1.77317	5.01800	
1.3
692.01922	674.25281	14.05039
664.48045	692.01922	719.55799
1.59853	1.57023	1.62368	1.60239	1.64435	1.70054	1.78479	3.51841	
1.4
739.41573	714.27419	25.33256
689.76392	739.41573	789.06755
1.57743	1.66191	1.58359	1.60346	1.61812	1.64723	1.76757	4.41377	
1.5
775.33779	734.40427	30.03473
716.46971	775.33779	834.20587
1.57735	1.53437	1.60073	1.60423	1.60422	1.63540	1.74365	5.38027	
1.6
782.08414	739.74148	25.76336
731.58796	782.08414	832.58032
1.69322	1.52879	1.57678	1.56978	1.58829	1.60220	1.69841	5.60932	
1.7
887.17591	837.33883	29.93664
828.50008	887.17591	945.85173
1.72001	1.55297	1.62805	1.63539	1.59598	1.59556	1.67853	7.62013	
1.8
825.45863	788.09399	21.11835
784.06666	825.45863	866.85059
1.61451	1.61164	1.64279	1.63158	1.55955	1.60014	1.64431	6.54379	
1.9
736.10869	730.68128	4.53988
727.21052	736.10869	745.00686
1.79650	1.71788	1.66383	1.61340	1.60113	1.59242	1.63956	4.26383	

DYNAMIC
1.1
873.50788	797.42893	42.96509
789.29631	873.50788	957.71945
2.32164	2.33129	2.33539	2.34648	2.35230	2.36531	2.39977	2.43735	
1.2
664.13676	628.10278	23.53812
618.00204	664.13676	710.27148
1.74719	1.76309	1.77359	1.78247	1.78638	1.81165	1.81473	1.83394	
1.3
452.88542	425.41715	17.46842
418.64732	452.88542	487.12352
1.21044	1.21811	1.21713	1.22067	1.22591	1.24364	1.24575	1.26103	
1.4
340.71758	323.52000	11.93386
317.32722	340.71758	364.10794
0.90396	0.89908	0.90781	0.91184	0.91445	0.91942	0.93011	0.93917	
1.5
252.37561	237.44429	11.45261
229.92849	252.37561	274.82273
0.66564	0.66906	0.67002	0.67342	0.68016	0.68533	0.68932	0.69333	
1.6
188.58067	182.83752	4.28499
180.18208	188.58067	196.97925
0.49561	0.49948	0.50325	0.50251	0.50540	0.50997	0.51469	0.52003	
1.7
163.00943	158.38531	3.51464
156.12075	163.00943	169.89812
0.43368	0.43340	0.43458	0.43848	0.43975	0.44291	0.44551	0.45038	
1.8
130.61700	128.24413	1.81918
127.05140	130.61700	134.18260
0.34610	0.34813	0.34904	0.35035	0.35037	0.35242	0.35577	0.35689	
1.9
108.20771	105.79893	1.53985
105.18961	108.20771	111.22582
0.28885	0.28925	0.29028	0.29163	0.29266	0.29311	0.29539	0.29637	

