2.32164	2.33129	2.33539	2.34648	2.35230	2.36531	2.39977	2.43735	
1.74719	1.76309	1.77359	1.78247	1.78638	1.81165	1.81473	1.83394	
1.21044	1.21811	1.21713	1.22067	1.22591	1.24364	1.24575	1.26103	
0.90396	0.89908	0.90781	0.91184	0.91445	0.91942	0.93011	0.93917	
0.66564	0.66906	0.67002	0.67342	0.68016	0.68533	0.68932	0.69333	
0.49561	0.49948	0.50325	0.50251	0.50540	0.50997	0.51469	0.52003	
0.43368	0.43340	0.43458	0.43848	0.43975	0.44291	0.44551	0.45038	
0.34610	0.34813	0.34904	0.35035	0.35037	0.35242	0.35577	0.35689	
0.28885	0.28925	0.29028	0.29163	0.29266	0.29311	0.29539	0.29637	


